{
 "cells": [
  {
   "cell_type": "code",
   "execution_count": 1,
   "metadata": {},
   "outputs": [],
   "source": [
    "import numpy as np\n",
    "import pandas as pd\n",
    "import matplotlib.pyplot as plt\n",
    "from time import time\n",
    "\n",
    "data_base_dir = '../../datasets/Movielens/'\n",
    "data_dir2 = data_base_dir + 'Movielens Latest/ml-latest/'\n",
    "data_dir = data_base_dir + 'ml-20m/'\n",
    "\n",
    "genome_scores = data_dir2 + 'genome-scores.csv'\n",
    "genome_tags = data_dir + 'genome-tags.csv'\n",
    "movies = data_dir + 'movies.csv'\n",
    "ratings = data_dir + 'ratings.csv'\n",
    "tags = data_dir + 'tags.csv'\n",
    "genres = data_dir + 'u.genre'\n",
    "\n",
    "\n",
    "user_full_genome_vector_df = pd.read_pickle(data_dir + 'output/user_full_genome_terms_df_gzip', compression='gzip')\n",
    "user_lemmatized_genome_vector_df = pd.read_pickle(data_dir + 'output/user_lemmatized_genome_terms_df_gzip', compression='gzip')\n",
    "\n",
    "movie_full_genome_scores_df = pd.read_csv(genome_scores).pivot(index='movieId', columns='tagId', values='relevance')\n",
    "movie_lemmatized_genome_scores_df = pd.read_pickle(data_dir + 'output/movies_lemmatized_genome_vector_df_bz2', compression='bz2')"
   ]
  },
  {
   "cell_type": "code",
   "execution_count": 4,
   "metadata": {},
   "outputs": [],
   "source": [
    "from sklearn.metrics import pairwise_distances\n",
    "\n",
    "def evaluate_recommendations(user_id, recommendation_list, N_size, movie_genome_scores_df, user_genome_terms_df):\n",
    "    movie_genomes_df = movie_genome_scores_df.loc[recommendation_list, :]\n",
    "    user_vector_df = user_genome_terms_df.loc[user_id, :].values.reshape(1, -1)\n",
    "\n",
    "    model_pairwise_scores_df = pd.DataFrame(index=recommendation_list)\n",
    "    model_pairwise_scores_df['similarity'] = pairwise_distances(user_vector_df, movie_genomes_df.values, metric='cosine').reshape(-1, 1)\n",
    "    model_pairwise_scores_df['diversity'] = 1 - model_pairwise_scores_df['similarity']\n",
    "    \n",
    "    all_movies = model_pairwise_scores_df.index.values\n",
    "    movie_genomes_df = movie_genome_scores_df.loc[all_movies, :]\n",
    "\n",
    "    # calculating diversity of a list (1-SIM_ij)\n",
    "    intra_list_distances_df = pd.DataFrame(1 - pairwise_distances(movie_genomes_df.values, movie_genomes_df.values, metric='cosine'), index=all_movies, columns=all_movies)\n",
    "    diversity_of_list = intra_list_distances_df.sum(axis=1).sum() * (1/(N_size * (N_size -1)))\n",
    "    similarity_of_list = 1 - diversity_of_list\n",
    "    \n",
    "    average_similarity = model_pairwise_scores_df['similarity'].mean()\n",
    "    average_diversity = model_pairwise_scores_df['diversity'].mean()\n",
    "    \n",
    "    print(\"diversity_of_list: \", diversity_of_list)\n",
    "    print(\"similarity_of_list: \", similarity_of_list)\n",
    "    print(\"average_diversity: \", average_diversity)\n",
    "    print(\"average_similarity: \", average_similarity)\n",
    "    \n",
    "    return diversity_of_list, similarity_of_list, average_diversity, average_similarity"
   ]
  },
  {
   "cell_type": "code",
   "execution_count": 9,
   "metadata": {
    "scrolled": true
   },
   "outputs": [
    {
     "name": "stdout",
     "output_type": "stream",
     "text": [
      "diversity_of_list:  0.6774592991028322\n",
      "similarity_of_list:  0.3225407008971678\n",
      "average_diversity:  0.7121624637908288\n",
      "average_similarity:  0.28783753620917113\n",
      "\n",
      "\n",
      "\n",
      "diversity_of_list:  0.6164126378942775\n",
      "similarity_of_list:  0.38358736210572253\n",
      "average_diversity:  0.5877269090114281\n",
      "average_similarity:  0.41227309098857184\n",
      "\n",
      "\n",
      "\n",
      "diversity_of_list:  0.8067971823680207\n",
      "similarity_of_list:  0.19320281763197933\n",
      "average_diversity:  0.7749328275655161\n",
      "average_similarity:  0.22506717243448388\n"
     ]
    },
    {
     "data": {
      "text/plain": [
       "(0.8067971823680207,\n",
       " 0.19320281763197933,\n",
       " 0.7749328275655161,\n",
       " 0.22506717243448388)"
      ]
     },
     "execution_count": 9,
     "metadata": {},
     "output_type": "execute_result"
    }
   ],
   "source": [
    "main_model_lemmatized = [8125, 25930, 1927, 26122, 559, 5151, 59022, 101281, 50189, 5781, 6550, 85367, 7239, 6036, 72407, 94677, 44193, 74752, 104441, 80363]\n",
    "genre_binary = [100553,    913,   1147,   1189  , 2859, 120478,   2066   ,7156,   1361  , 3077,8228  , 3677   , 246 , 32853 , 58425 ,  6896,  85774  , 7566    ,602    ,162]\n",
    "genre_integer=[100553,    913,   1147   , 1189   , 2859 ,120478  , 2066  , 7156,   1361,   3077, 8228 ,  3677,    246  , 32853  , 58425  , 6896  ,85774   ,7566,602, 162]\n",
    "genome_lemmatized=[  1315 ,115414,  27114   ,3804 ,110809  ,74075,   6036,   3216, 104736,  73106, 59429   ,5687 , 77414   ,4872  , 3691   ,2894  , 6037,   2234  ,  559, 111387]\n",
    "genome_full = [  1315,  77414,   5687,  27114,  43930,  88108,   8911, 104736,  95199,  78264, 26791, 115414,  74154 , 65193, 110771,  31433,  63393 ,109189   ,8869,54734]\n",
    "\n",
    "user_id = 1\n",
    "N_size = 20\n",
    "# (user_id, recommendation_list, N_size, movie_genome_scores_df, user_genome_terms_df):\n",
    "print(\"\\nMain Model Genome Lemmatized:\\n\")\n",
    "evaluate_recommendations(user_id, main_model_lemmatized, N_size, movie_lemmatized_genome_scores_df, user_lemmatized_genome_vector_df)\n",
    "print(\"\\nBaseline Genome Lemmatized:\\n\")\n",
    "evaluate_recommendations(user_id, genome_lemmatized, N_size, movie_full_genome_scores_df, user_full_genome_vector_df)\n",
    "print(\"\\nBaseline Genre Binary:\\n\")\n",
    "evaluate_recommendations(user_id, genre_binary, N_size, movie_full_genome_scores_df, user_full_genome_vector_df)\n",
    "# evaluate_recommendations(user_id, )"
   ]
  },
  {
   "cell_type": "code",
   "execution_count": null,
   "metadata": {},
   "outputs": [],
   "source": [
    "user_id = 1\n"
   ]
  },
  {
   "cell_type": "code",
   "execution_count": 47,
   "metadata": {
    "scrolled": true
   },
   "outputs": [
    {
     "name": "stdout",
     "output_type": "stream",
     "text": [
      "average similarity:  0.28783753620917113\n",
      "average diversity 0.7121624637908288\n"
     ]
    },
    {
     "data": {
      "text/html": [
       "<div>\n",
       "<style scoped>\n",
       "    .dataframe tbody tr th:only-of-type {\n",
       "        vertical-align: middle;\n",
       "    }\n",
       "\n",
       "    .dataframe tbody tr th {\n",
       "        vertical-align: top;\n",
       "    }\n",
       "\n",
       "    .dataframe thead th {\n",
       "        text-align: right;\n",
       "    }\n",
       "</style>\n",
       "<table border=\"1\" class=\"dataframe\">\n",
       "  <thead>\n",
       "    <tr style=\"text-align: right;\">\n",
       "      <th></th>\n",
       "      <th>8125</th>\n",
       "      <th>25930</th>\n",
       "      <th>1927</th>\n",
       "      <th>26122</th>\n",
       "      <th>559</th>\n",
       "      <th>5151</th>\n",
       "      <th>59022</th>\n",
       "      <th>101281</th>\n",
       "      <th>50189</th>\n",
       "      <th>5781</th>\n",
       "      <th>6550</th>\n",
       "      <th>85367</th>\n",
       "      <th>7239</th>\n",
       "      <th>6036</th>\n",
       "      <th>72407</th>\n",
       "      <th>94677</th>\n",
       "      <th>44193</th>\n",
       "      <th>74752</th>\n",
       "      <th>104441</th>\n",
       "      <th>80363</th>\n",
       "    </tr>\n",
       "  </thead>\n",
       "  <tbody>\n",
       "    <tr>\n",
       "      <th>8125</th>\n",
       "      <td>1.000000</td>\n",
       "      <td>0.914699</td>\n",
       "      <td>0.778498</td>\n",
       "      <td>0.855931</td>\n",
       "      <td>0.531202</td>\n",
       "      <td>0.489858</td>\n",
       "      <td>0.480813</td>\n",
       "      <td>0.510782</td>\n",
       "      <td>0.475585</td>\n",
       "      <td>0.493057</td>\n",
       "      <td>0.457234</td>\n",
       "      <td>0.492586</td>\n",
       "      <td>0.502578</td>\n",
       "      <td>0.474824</td>\n",
       "      <td>0.443494</td>\n",
       "      <td>0.490532</td>\n",
       "      <td>0.471785</td>\n",
       "      <td>0.484804</td>\n",
       "      <td>0.543943</td>\n",
       "      <td>0.450181</td>\n",
       "    </tr>\n",
       "    <tr>\n",
       "      <th>25930</th>\n",
       "      <td>0.914699</td>\n",
       "      <td>1.000000</td>\n",
       "      <td>0.835283</td>\n",
       "      <td>0.851746</td>\n",
       "      <td>0.538823</td>\n",
       "      <td>0.503985</td>\n",
       "      <td>0.493479</td>\n",
       "      <td>0.518308</td>\n",
       "      <td>0.490295</td>\n",
       "      <td>0.503819</td>\n",
       "      <td>0.482124</td>\n",
       "      <td>0.475183</td>\n",
       "      <td>0.508486</td>\n",
       "      <td>0.486375</td>\n",
       "      <td>0.422173</td>\n",
       "      <td>0.511122</td>\n",
       "      <td>0.464607</td>\n",
       "      <td>0.499075</td>\n",
       "      <td>0.580670</td>\n",
       "      <td>0.435777</td>\n",
       "    </tr>\n",
       "    <tr>\n",
       "      <th>1927</th>\n",
       "      <td>0.778498</td>\n",
       "      <td>0.835283</td>\n",
       "      <td>1.000000</td>\n",
       "      <td>0.790922</td>\n",
       "      <td>0.500389</td>\n",
       "      <td>0.499262</td>\n",
       "      <td>0.500429</td>\n",
       "      <td>0.495426</td>\n",
       "      <td>0.493473</td>\n",
       "      <td>0.509422</td>\n",
       "      <td>0.461780</td>\n",
       "      <td>0.472342</td>\n",
       "      <td>0.513635</td>\n",
       "      <td>0.487286</td>\n",
       "      <td>0.486959</td>\n",
       "      <td>0.503496</td>\n",
       "      <td>0.483235</td>\n",
       "      <td>0.492160</td>\n",
       "      <td>0.517818</td>\n",
       "      <td>0.446362</td>\n",
       "    </tr>\n",
       "    <tr>\n",
       "      <th>26122</th>\n",
       "      <td>0.855931</td>\n",
       "      <td>0.851746</td>\n",
       "      <td>0.790922</td>\n",
       "      <td>1.000000</td>\n",
       "      <td>0.622811</td>\n",
       "      <td>0.541394</td>\n",
       "      <td>0.521452</td>\n",
       "      <td>0.514121</td>\n",
       "      <td>0.533021</td>\n",
       "      <td>0.567767</td>\n",
       "      <td>0.477671</td>\n",
       "      <td>0.479708</td>\n",
       "      <td>0.489905</td>\n",
       "      <td>0.527962</td>\n",
       "      <td>0.419408</td>\n",
       "      <td>0.532576</td>\n",
       "      <td>0.467667</td>\n",
       "      <td>0.553115</td>\n",
       "      <td>0.579825</td>\n",
       "      <td>0.442220</td>\n",
       "    </tr>\n",
       "    <tr>\n",
       "      <th>559</th>\n",
       "      <td>0.531202</td>\n",
       "      <td>0.538823</td>\n",
       "      <td>0.500389</td>\n",
       "      <td>0.622811</td>\n",
       "      <td>1.000000</td>\n",
       "      <td>0.787922</td>\n",
       "      <td>0.704093</td>\n",
       "      <td>0.611525</td>\n",
       "      <td>0.833406</td>\n",
       "      <td>0.849017</td>\n",
       "      <td>0.532390</td>\n",
       "      <td>0.575734</td>\n",
       "      <td>0.488205</td>\n",
       "      <td>0.849203</td>\n",
       "      <td>0.516642</td>\n",
       "      <td>0.614756</td>\n",
       "      <td>0.565861</td>\n",
       "      <td>0.730266</td>\n",
       "      <td>0.647981</td>\n",
       "      <td>0.528691</td>\n",
       "    </tr>\n",
       "    <tr>\n",
       "      <th>5151</th>\n",
       "      <td>0.489858</td>\n",
       "      <td>0.503985</td>\n",
       "      <td>0.499262</td>\n",
       "      <td>0.541394</td>\n",
       "      <td>0.787922</td>\n",
       "      <td>1.000000</td>\n",
       "      <td>0.846220</td>\n",
       "      <td>0.836200</td>\n",
       "      <td>0.922441</td>\n",
       "      <td>0.877586</td>\n",
       "      <td>0.758261</td>\n",
       "      <td>0.857062</td>\n",
       "      <td>0.533218</td>\n",
       "      <td>0.850184</td>\n",
       "      <td>0.682315</td>\n",
       "      <td>0.813153</td>\n",
       "      <td>0.841132</td>\n",
       "      <td>0.835293</td>\n",
       "      <td>0.641982</td>\n",
       "      <td>0.617971</td>\n",
       "    </tr>\n",
       "    <tr>\n",
       "      <th>59022</th>\n",
       "      <td>0.480813</td>\n",
       "      <td>0.493479</td>\n",
       "      <td>0.500429</td>\n",
       "      <td>0.521452</td>\n",
       "      <td>0.704093</td>\n",
       "      <td>0.846220</td>\n",
       "      <td>1.000000</td>\n",
       "      <td>0.775254</td>\n",
       "      <td>0.860303</td>\n",
       "      <td>0.764408</td>\n",
       "      <td>0.793824</td>\n",
       "      <td>0.769867</td>\n",
       "      <td>0.527956</td>\n",
       "      <td>0.734871</td>\n",
       "      <td>0.610615</td>\n",
       "      <td>0.887905</td>\n",
       "      <td>0.724775</td>\n",
       "      <td>0.816395</td>\n",
       "      <td>0.584914</td>\n",
       "      <td>0.622118</td>\n",
       "    </tr>\n",
       "    <tr>\n",
       "      <th>101281</th>\n",
       "      <td>0.510782</td>\n",
       "      <td>0.518308</td>\n",
       "      <td>0.495426</td>\n",
       "      <td>0.514121</td>\n",
       "      <td>0.611525</td>\n",
       "      <td>0.836200</td>\n",
       "      <td>0.775254</td>\n",
       "      <td>1.000000</td>\n",
       "      <td>0.718032</td>\n",
       "      <td>0.654225</td>\n",
       "      <td>0.793809</td>\n",
       "      <td>0.909501</td>\n",
       "      <td>0.496330</td>\n",
       "      <td>0.648761</td>\n",
       "      <td>0.592314</td>\n",
       "      <td>0.816602</td>\n",
       "      <td>0.772410</td>\n",
       "      <td>0.697263</td>\n",
       "      <td>0.537433</td>\n",
       "      <td>0.531063</td>\n",
       "    </tr>\n",
       "    <tr>\n",
       "      <th>50189</th>\n",
       "      <td>0.475585</td>\n",
       "      <td>0.490295</td>\n",
       "      <td>0.493473</td>\n",
       "      <td>0.533021</td>\n",
       "      <td>0.833406</td>\n",
       "      <td>0.922441</td>\n",
       "      <td>0.860303</td>\n",
       "      <td>0.718032</td>\n",
       "      <td>1.000000</td>\n",
       "      <td>0.916212</td>\n",
       "      <td>0.699528</td>\n",
       "      <td>0.710823</td>\n",
       "      <td>0.515835</td>\n",
       "      <td>0.918221</td>\n",
       "      <td>0.632981</td>\n",
       "      <td>0.768065</td>\n",
       "      <td>0.768164</td>\n",
       "      <td>0.837246</td>\n",
       "      <td>0.619920</td>\n",
       "      <td>0.595327</td>\n",
       "    </tr>\n",
       "    <tr>\n",
       "      <th>5781</th>\n",
       "      <td>0.493057</td>\n",
       "      <td>0.503819</td>\n",
       "      <td>0.509422</td>\n",
       "      <td>0.567767</td>\n",
       "      <td>0.849017</td>\n",
       "      <td>0.877586</td>\n",
       "      <td>0.764408</td>\n",
       "      <td>0.654225</td>\n",
       "      <td>0.916212</td>\n",
       "      <td>1.000000</td>\n",
       "      <td>0.651243</td>\n",
       "      <td>0.653852</td>\n",
       "      <td>0.525553</td>\n",
       "      <td>0.930957</td>\n",
       "      <td>0.672872</td>\n",
       "      <td>0.687357</td>\n",
       "      <td>0.766882</td>\n",
       "      <td>0.833696</td>\n",
       "      <td>0.646028</td>\n",
       "      <td>0.585484</td>\n",
       "    </tr>\n",
       "    <tr>\n",
       "      <th>6550</th>\n",
       "      <td>0.457234</td>\n",
       "      <td>0.482124</td>\n",
       "      <td>0.461780</td>\n",
       "      <td>0.477671</td>\n",
       "      <td>0.532390</td>\n",
       "      <td>0.758261</td>\n",
       "      <td>0.793824</td>\n",
       "      <td>0.793809</td>\n",
       "      <td>0.699528</td>\n",
       "      <td>0.651243</td>\n",
       "      <td>1.000000</td>\n",
       "      <td>0.795770</td>\n",
       "      <td>0.513283</td>\n",
       "      <td>0.577858</td>\n",
       "      <td>0.580231</td>\n",
       "      <td>0.884640</td>\n",
       "      <td>0.708424</td>\n",
       "      <td>0.694550</td>\n",
       "      <td>0.499615</td>\n",
       "      <td>0.606706</td>\n",
       "    </tr>\n",
       "    <tr>\n",
       "      <th>85367</th>\n",
       "      <td>0.492586</td>\n",
       "      <td>0.475183</td>\n",
       "      <td>0.472342</td>\n",
       "      <td>0.479708</td>\n",
       "      <td>0.575734</td>\n",
       "      <td>0.857062</td>\n",
       "      <td>0.769867</td>\n",
       "      <td>0.909501</td>\n",
       "      <td>0.710823</td>\n",
       "      <td>0.653852</td>\n",
       "      <td>0.795770</td>\n",
       "      <td>1.000000</td>\n",
       "      <td>0.528526</td>\n",
       "      <td>0.632239</td>\n",
       "      <td>0.674797</td>\n",
       "      <td>0.809075</td>\n",
       "      <td>0.831898</td>\n",
       "      <td>0.734156</td>\n",
       "      <td>0.541539</td>\n",
       "      <td>0.616729</td>\n",
       "    </tr>\n",
       "    <tr>\n",
       "      <th>7239</th>\n",
       "      <td>0.502578</td>\n",
       "      <td>0.508486</td>\n",
       "      <td>0.513635</td>\n",
       "      <td>0.489905</td>\n",
       "      <td>0.488205</td>\n",
       "      <td>0.533218</td>\n",
       "      <td>0.527956</td>\n",
       "      <td>0.496330</td>\n",
       "      <td>0.515835</td>\n",
       "      <td>0.525553</td>\n",
       "      <td>0.513283</td>\n",
       "      <td>0.528526</td>\n",
       "      <td>1.000000</td>\n",
       "      <td>0.488746</td>\n",
       "      <td>0.528856</td>\n",
       "      <td>0.524308</td>\n",
       "      <td>0.499362</td>\n",
       "      <td>0.567809</td>\n",
       "      <td>0.521516</td>\n",
       "      <td>0.579438</td>\n",
       "    </tr>\n",
       "    <tr>\n",
       "      <th>6036</th>\n",
       "      <td>0.474824</td>\n",
       "      <td>0.486375</td>\n",
       "      <td>0.487286</td>\n",
       "      <td>0.527962</td>\n",
       "      <td>0.849203</td>\n",
       "      <td>0.850184</td>\n",
       "      <td>0.734871</td>\n",
       "      <td>0.648761</td>\n",
       "      <td>0.918221</td>\n",
       "      <td>0.930957</td>\n",
       "      <td>0.577858</td>\n",
       "      <td>0.632239</td>\n",
       "      <td>0.488746</td>\n",
       "      <td>1.000000</td>\n",
       "      <td>0.610594</td>\n",
       "      <td>0.635081</td>\n",
       "      <td>0.770752</td>\n",
       "      <td>0.789988</td>\n",
       "      <td>0.617022</td>\n",
       "      <td>0.538576</td>\n",
       "    </tr>\n",
       "    <tr>\n",
       "      <th>72407</th>\n",
       "      <td>0.443494</td>\n",
       "      <td>0.422173</td>\n",
       "      <td>0.486959</td>\n",
       "      <td>0.419408</td>\n",
       "      <td>0.516642</td>\n",
       "      <td>0.682315</td>\n",
       "      <td>0.610615</td>\n",
       "      <td>0.592314</td>\n",
       "      <td>0.632981</td>\n",
       "      <td>0.672872</td>\n",
       "      <td>0.580231</td>\n",
       "      <td>0.674797</td>\n",
       "      <td>0.528856</td>\n",
       "      <td>0.610594</td>\n",
       "      <td>1.000000</td>\n",
       "      <td>0.586815</td>\n",
       "      <td>0.736821</td>\n",
       "      <td>0.735736</td>\n",
       "      <td>0.524610</td>\n",
       "      <td>0.677906</td>\n",
       "    </tr>\n",
       "    <tr>\n",
       "      <th>94677</th>\n",
       "      <td>0.490532</td>\n",
       "      <td>0.511122</td>\n",
       "      <td>0.503496</td>\n",
       "      <td>0.532576</td>\n",
       "      <td>0.614756</td>\n",
       "      <td>0.813153</td>\n",
       "      <td>0.887905</td>\n",
       "      <td>0.816602</td>\n",
       "      <td>0.768065</td>\n",
       "      <td>0.687357</td>\n",
       "      <td>0.884640</td>\n",
       "      <td>0.809075</td>\n",
       "      <td>0.524308</td>\n",
       "      <td>0.635081</td>\n",
       "      <td>0.586815</td>\n",
       "      <td>1.000000</td>\n",
       "      <td>0.717733</td>\n",
       "      <td>0.736877</td>\n",
       "      <td>0.558362</td>\n",
       "      <td>0.582361</td>\n",
       "    </tr>\n",
       "    <tr>\n",
       "      <th>44193</th>\n",
       "      <td>0.471785</td>\n",
       "      <td>0.464607</td>\n",
       "      <td>0.483235</td>\n",
       "      <td>0.467667</td>\n",
       "      <td>0.565861</td>\n",
       "      <td>0.841132</td>\n",
       "      <td>0.724775</td>\n",
       "      <td>0.772410</td>\n",
       "      <td>0.768164</td>\n",
       "      <td>0.766882</td>\n",
       "      <td>0.708424</td>\n",
       "      <td>0.831898</td>\n",
       "      <td>0.499362</td>\n",
       "      <td>0.770752</td>\n",
       "      <td>0.736821</td>\n",
       "      <td>0.717733</td>\n",
       "      <td>1.000000</td>\n",
       "      <td>0.769888</td>\n",
       "      <td>0.531538</td>\n",
       "      <td>0.591526</td>\n",
       "    </tr>\n",
       "    <tr>\n",
       "      <th>74752</th>\n",
       "      <td>0.484804</td>\n",
       "      <td>0.499075</td>\n",
       "      <td>0.492160</td>\n",
       "      <td>0.553115</td>\n",
       "      <td>0.730266</td>\n",
       "      <td>0.835293</td>\n",
       "      <td>0.816395</td>\n",
       "      <td>0.697263</td>\n",
       "      <td>0.837246</td>\n",
       "      <td>0.833696</td>\n",
       "      <td>0.694550</td>\n",
       "      <td>0.734156</td>\n",
       "      <td>0.567809</td>\n",
       "      <td>0.789988</td>\n",
       "      <td>0.735736</td>\n",
       "      <td>0.736877</td>\n",
       "      <td>0.769888</td>\n",
       "      <td>1.000000</td>\n",
       "      <td>0.642396</td>\n",
       "      <td>0.713327</td>\n",
       "    </tr>\n",
       "    <tr>\n",
       "      <th>104441</th>\n",
       "      <td>0.543943</td>\n",
       "      <td>0.580670</td>\n",
       "      <td>0.517818</td>\n",
       "      <td>0.579825</td>\n",
       "      <td>0.647981</td>\n",
       "      <td>0.641982</td>\n",
       "      <td>0.584914</td>\n",
       "      <td>0.537433</td>\n",
       "      <td>0.619920</td>\n",
       "      <td>0.646028</td>\n",
       "      <td>0.499615</td>\n",
       "      <td>0.541539</td>\n",
       "      <td>0.521516</td>\n",
       "      <td>0.617022</td>\n",
       "      <td>0.524610</td>\n",
       "      <td>0.558362</td>\n",
       "      <td>0.531538</td>\n",
       "      <td>0.642396</td>\n",
       "      <td>1.000000</td>\n",
       "      <td>0.514646</td>\n",
       "    </tr>\n",
       "    <tr>\n",
       "      <th>80363</th>\n",
       "      <td>0.450181</td>\n",
       "      <td>0.435777</td>\n",
       "      <td>0.446362</td>\n",
       "      <td>0.442220</td>\n",
       "      <td>0.528691</td>\n",
       "      <td>0.617971</td>\n",
       "      <td>0.622118</td>\n",
       "      <td>0.531063</td>\n",
       "      <td>0.595327</td>\n",
       "      <td>0.585484</td>\n",
       "      <td>0.606706</td>\n",
       "      <td>0.616729</td>\n",
       "      <td>0.579438</td>\n",
       "      <td>0.538576</td>\n",
       "      <td>0.677906</td>\n",
       "      <td>0.582361</td>\n",
       "      <td>0.591526</td>\n",
       "      <td>0.713327</td>\n",
       "      <td>0.514646</td>\n",
       "      <td>1.000000</td>\n",
       "    </tr>\n",
       "  </tbody>\n",
       "</table>\n",
       "</div>"
      ],
      "text/plain": [
       "          8125      25930     1927      26122     559       5151      59022   \\\n",
       "8125    1.000000  0.914699  0.778498  0.855931  0.531202  0.489858  0.480813   \n",
       "25930   0.914699  1.000000  0.835283  0.851746  0.538823  0.503985  0.493479   \n",
       "1927    0.778498  0.835283  1.000000  0.790922  0.500389  0.499262  0.500429   \n",
       "26122   0.855931  0.851746  0.790922  1.000000  0.622811  0.541394  0.521452   \n",
       "559     0.531202  0.538823  0.500389  0.622811  1.000000  0.787922  0.704093   \n",
       "5151    0.489858  0.503985  0.499262  0.541394  0.787922  1.000000  0.846220   \n",
       "59022   0.480813  0.493479  0.500429  0.521452  0.704093  0.846220  1.000000   \n",
       "101281  0.510782  0.518308  0.495426  0.514121  0.611525  0.836200  0.775254   \n",
       "50189   0.475585  0.490295  0.493473  0.533021  0.833406  0.922441  0.860303   \n",
       "5781    0.493057  0.503819  0.509422  0.567767  0.849017  0.877586  0.764408   \n",
       "6550    0.457234  0.482124  0.461780  0.477671  0.532390  0.758261  0.793824   \n",
       "85367   0.492586  0.475183  0.472342  0.479708  0.575734  0.857062  0.769867   \n",
       "7239    0.502578  0.508486  0.513635  0.489905  0.488205  0.533218  0.527956   \n",
       "6036    0.474824  0.486375  0.487286  0.527962  0.849203  0.850184  0.734871   \n",
       "72407   0.443494  0.422173  0.486959  0.419408  0.516642  0.682315  0.610615   \n",
       "94677   0.490532  0.511122  0.503496  0.532576  0.614756  0.813153  0.887905   \n",
       "44193   0.471785  0.464607  0.483235  0.467667  0.565861  0.841132  0.724775   \n",
       "74752   0.484804  0.499075  0.492160  0.553115  0.730266  0.835293  0.816395   \n",
       "104441  0.543943  0.580670  0.517818  0.579825  0.647981  0.641982  0.584914   \n",
       "80363   0.450181  0.435777  0.446362  0.442220  0.528691  0.617971  0.622118   \n",
       "\n",
       "          101281    50189     5781      6550      85367     7239      6036    \\\n",
       "8125    0.510782  0.475585  0.493057  0.457234  0.492586  0.502578  0.474824   \n",
       "25930   0.518308  0.490295  0.503819  0.482124  0.475183  0.508486  0.486375   \n",
       "1927    0.495426  0.493473  0.509422  0.461780  0.472342  0.513635  0.487286   \n",
       "26122   0.514121  0.533021  0.567767  0.477671  0.479708  0.489905  0.527962   \n",
       "559     0.611525  0.833406  0.849017  0.532390  0.575734  0.488205  0.849203   \n",
       "5151    0.836200  0.922441  0.877586  0.758261  0.857062  0.533218  0.850184   \n",
       "59022   0.775254  0.860303  0.764408  0.793824  0.769867  0.527956  0.734871   \n",
       "101281  1.000000  0.718032  0.654225  0.793809  0.909501  0.496330  0.648761   \n",
       "50189   0.718032  1.000000  0.916212  0.699528  0.710823  0.515835  0.918221   \n",
       "5781    0.654225  0.916212  1.000000  0.651243  0.653852  0.525553  0.930957   \n",
       "6550    0.793809  0.699528  0.651243  1.000000  0.795770  0.513283  0.577858   \n",
       "85367   0.909501  0.710823  0.653852  0.795770  1.000000  0.528526  0.632239   \n",
       "7239    0.496330  0.515835  0.525553  0.513283  0.528526  1.000000  0.488746   \n",
       "6036    0.648761  0.918221  0.930957  0.577858  0.632239  0.488746  1.000000   \n",
       "72407   0.592314  0.632981  0.672872  0.580231  0.674797  0.528856  0.610594   \n",
       "94677   0.816602  0.768065  0.687357  0.884640  0.809075  0.524308  0.635081   \n",
       "44193   0.772410  0.768164  0.766882  0.708424  0.831898  0.499362  0.770752   \n",
       "74752   0.697263  0.837246  0.833696  0.694550  0.734156  0.567809  0.789988   \n",
       "104441  0.537433  0.619920  0.646028  0.499615  0.541539  0.521516  0.617022   \n",
       "80363   0.531063  0.595327  0.585484  0.606706  0.616729  0.579438  0.538576   \n",
       "\n",
       "          72407     94677     44193     74752     104441    80363   \n",
       "8125    0.443494  0.490532  0.471785  0.484804  0.543943  0.450181  \n",
       "25930   0.422173  0.511122  0.464607  0.499075  0.580670  0.435777  \n",
       "1927    0.486959  0.503496  0.483235  0.492160  0.517818  0.446362  \n",
       "26122   0.419408  0.532576  0.467667  0.553115  0.579825  0.442220  \n",
       "559     0.516642  0.614756  0.565861  0.730266  0.647981  0.528691  \n",
       "5151    0.682315  0.813153  0.841132  0.835293  0.641982  0.617971  \n",
       "59022   0.610615  0.887905  0.724775  0.816395  0.584914  0.622118  \n",
       "101281  0.592314  0.816602  0.772410  0.697263  0.537433  0.531063  \n",
       "50189   0.632981  0.768065  0.768164  0.837246  0.619920  0.595327  \n",
       "5781    0.672872  0.687357  0.766882  0.833696  0.646028  0.585484  \n",
       "6550    0.580231  0.884640  0.708424  0.694550  0.499615  0.606706  \n",
       "85367   0.674797  0.809075  0.831898  0.734156  0.541539  0.616729  \n",
       "7239    0.528856  0.524308  0.499362  0.567809  0.521516  0.579438  \n",
       "6036    0.610594  0.635081  0.770752  0.789988  0.617022  0.538576  \n",
       "72407   1.000000  0.586815  0.736821  0.735736  0.524610  0.677906  \n",
       "94677   0.586815  1.000000  0.717733  0.736877  0.558362  0.582361  \n",
       "44193   0.736821  0.717733  1.000000  0.769888  0.531538  0.591526  \n",
       "74752   0.735736  0.736877  0.769888  1.000000  0.642396  0.713327  \n",
       "104441  0.524610  0.558362  0.531538  0.642396  1.000000  0.514646  \n",
       "80363   0.677906  0.582361  0.591526  0.713327  0.514646  1.000000  "
      ]
     },
     "execution_count": 47,
     "metadata": {},
     "output_type": "execute_result"
    }
   ],
   "source": [
    "# average similarity to user\n",
    "print(\"average similarity: \", main_model_lemmatized_df['similarity'].mean())\n",
    "print(\"average diversity\", main_model_lemmatized_df['diversity'].mean())\n",
    "\n",
    "# diversity of list\n",
    "all_movies = main_model_lemmatized_df.index.values\n",
    "movie_genomes_df = movie_lemmatized_genome_scores_df.loc[all_movies, :]\n",
    "m_distances_df = pd.DataFrame(1 - pairwise_distances(movie_genomes_df.values, movie_genomes_df.values, metric='cosine'), index=all_movies, columns=all_movies)\n",
    "m_distances_df"
   ]
  },
  {
   "cell_type": "code",
   "execution_count": 48,
   "metadata": {},
   "outputs": [
    {
     "data": {
      "text/plain": [
       "0.6774592991028322"
      ]
     },
     "execution_count": 48,
     "metadata": {},
     "output_type": "execute_result"
    }
   ],
   "source": [
    "# diversity of a list\n",
    "m_distances_df.sum(axis=1).sum() * (1/(20 * 19))"
   ]
  },
  {
   "cell_type": "code",
   "execution_count": 10,
   "metadata": {},
   "outputs": [
    {
     "data": {
      "text/plain": [
       "dict_keys(['main_model_lemmatized', 'main_model_full', 'baseline_genre_binary', 'baseline_genre_int', 'baseline_genome_lemmatized', 'baseline_genome_full'])"
      ]
     },
     "execution_count": 10,
     "metadata": {},
     "output_type": "execute_result"
    }
   ],
   "source": [
    "experimental_users_list=  [9, 10, 11, 12, 13, 14]\n",
    "results_dict = {'main_model_lemmatized': [[6132, 64037, 112091, 5891, 50189, 96691, 6036, 6775, 5781, 1862, 559, 3472, 113345, 4982, 74154, 6599, 112091, 34150, 109189, 8785], [8675, 33750, 8608, 5919, 108778, 104441, 64037, 85367, 45635, 81751, 5363, 27564, 72407, 101281, 6550, 108981, 108727, 1116, 97744, 3272], [106072, 70336, 6564, 72378, 5781, 63, 3472, 559, 44193, 59022, 96691, 1862, 50189, 6036, 112091, 113345, 92264, 2557, 5153, 7439], [1939, 1936, 1933, 3808, 96691, 113345, 5781, 3472, 108778, 559, 1862, 112091, 69526, 44193, 6036, 112370, 50189, 86835, 80363, 3847], [1939, 1936, 1933, 3808, 5781, 44193, 108778, 3472, 559, 1862, 3847, 96691, 113345, 50189, 6036, 112091, 63992, 92264, 64037, 95543], [31030, 51638, 1939, 1936, 3847, 3472, 80363, 64037, 108778, 5781, 559, 50189, 6550, 1862, 69526, 108727, 3216, 113345, 78467, 87520]], 'main_model_full': [[64037, 6132, 4752, 4645, 96691, 44193, 6775, 3472, 6144, 80860, 39441, 701, 4069, 6041, 48600, 49286, 56949, 88950, 8785, 2632], [80363, 72407, 108778, 33815, 5363, 55232, 5157, 66639, 6748, 5717, 81751, 5189], [113345, 106072, 27618, 102125, 3472, 44193, 96691, 4069, 4887, 113345, 27664, 102072, 108778, 66639, 92264, 86835, 559, 8142, 36519, 95543], [64114, 6450, 111249, 94018, 96691, 108778, 44193, 3472, 69526, 559, 113345, 86835, 102072, 6775, 66639, 112370, 127298, 5351, 27664, 3216], [6264, 101076, 87520, 27618, 108778, 44193, 3472, 4069, 559, 96691, 102072, 66639, 3216, 5351, 92264, 64037, 5620, 86835, 8911, 27664], [4310, 102072, 3472, 44193, 3847, 92206, 108778, 69526, 5951, 3216, 5269, 8785]], 'baseline_genre_binary': [[127206, 50, 904, 750, 1212, 1198, 3030, 100553, 1284, 5618, 1252, 1260, 260, 1196, 913, 2571, 950, 1248, 1148, 4226], [3037, 7210, 4329, 82459, 2921, 3074, 2401, 6429, 3311, 5440, 8334, 3487, 5435, 6617, 31485, 25938, 6409, 44168, 6356, 5199], [100553, 913, 1147, 1189, 120478, 2066, 1361, 3077, 8228, 3677, 246, 58425, 85774, 7566, 1258, 602, 162, 96606, 80906, 7096], [100553, 913, 1147, 1189, 120478, 2066, 1361, 3077, 8228, 3677, 246, 58425, 85774, 7566, 602, 162, 96606, 80906, 7096, 114635], [100553, 1284, 913, 1147, 1189, 2859, 120478, 2066, 942, 2726, 1361, 3077, 8228, 3677, 246, 58425, 85774, 7566, 602, 162], [2066, 4426, 7335, 5169, 746, 3292, 1154, 1153, 3380, 5795, 72090, 91697, 99444, 110510, 913, 2726, 4432, 5017, 2612, 7943]], 'baseline_genre_int': [[127206, 50, 904, 750, 1212, 1198, 3030, 100553, 1284, 5618, 1252, 1260, 260, 1196, 913, 2571, 950, 1248, 1148, 4226], [3037, 7210, 4329, 82459, 2921, 3074, 2401, 6429, 3311, 5440, 8334, 3487, 5435, 6617, 31485, 25938, 6409, 44168, 6356, 5199], [100553, 913, 1147, 1189, 120478, 2066, 1361, 3077, 8228, 3677, 246, 58425, 85774, 7566, 1258, 602, 162, 96606, 80906, 7096], [100553, 913, 1147, 1189, 120478, 2066, 1361, 3077, 8228, 3677, 246, 58425, 85774, 7566, 602, 162, 96606, 80906, 7096, 114635], [100553, 1284, 913, 1147, 1189, 2859, 120478, 2066, 942, 2726, 1361, 3077, 8228, 3677, 246, 58425, 85774, 7566, 602, 162], [2066, 4426, 7335, 5169, 746, 3292, 1154, 1153, 3380, 5795, 72090, 91697, 99444, 110510, 3037, 7210, 4329, 82459, 2921, 3074]], 'baseline_genome_lemmatized': [[4271, 5687, 6107, 33750, 1315, 77833, 50619, 31702, 2933, 2669, 6818, 26246, 101207, 26231, 3670, 5794, 58876, 1534, 5614, 6123], [115414, 74075, 104312, 110809, 73106, 3216, 3804, 39421, 59429, 92938, 3691, 53464, 6036, 87430, 559, 77414, 4974, 51077, 7317, 2894], [1315, 4271, 5687, 50619, 3216, 26231, 6107, 33750, 77833, 4872, 2933, 31702, 6818, 26241, 1534, 5794, 2669, 108778, 26246, 27114], [3216, 26231, 26241, 1315, 50619, 4872, 2894, 108981, 559, 5687, 7024, 4271, 5351, 5794, 3804, 7976, 6036, 3621, 69134, 110809], [3216, 26231, 26241, 4271, 50619, 1315, 5687, 2894, 559, 108981, 7024, 4872, 5794, 5351, 3472, 3621, 3804, 69134, 4752, 6036], [3216, 26241, 64037, 5891, 2894, 26231, 559, 4752, 7024, 108981, 4872, 3804, 5569, 7976, 6132, 3272, 69134, 1315, 3472, 495]], 'baseline_genome_full': [[5687, 1315, 1534, 2933, 4271, 5614, 3242, 50619, 5351, 2632, 787, 3687, 26743, 33750, 6160, 6123, 4237, 33124, 4347, 6107], [104312, 115414, 74075, 77414, 110809, 97785, 43930, 3216, 5413, 5687, 96691, 1315, 54734, 63393, 80363, 3687, 39421, 88108, 5351, 73106], [5687, 1315, 1534, 2933, 4271, 50619, 5614, 27114, 4884, 5351, 2632, 5473, 3216, 3242, 787, 47274, 33124, 33750, 6599, 4237], [5687, 1315, 5351, 3216, 1534, 4271, 50619, 2632, 2933, 4752, 3242, 3621, 5413, 4884, 3472, 26231, 7024, 5473, 872, 26241], [5687, 1315, 4271, 5351, 3216, 1534, 2632, 50619, 2933, 5413, 3242, 3621, 4752, 3472, 872, 26231, 26241, 5794, 4884, 7024], [4752, 5413, 5687, 3216, 6132, 5891, 5717, 8906, 1315, 7024, 3621, 3472, 5351, 5569, 3652, 4271, 96691, 4884, 3344, 1534]]}\n",
    "results_dict.keys()"
   ]
  },
  {
   "cell_type": "code",
   "execution_count": null,
   "metadata": {},
   "outputs": [],
   "source": [
    "# experimental_users_list\n",
    "for user in experimental_users_list:\n",
    "    for model in results_dict:\n",
    "        evaluate_recommendations(user_id, main_model_lemmatized, N_size, movie_lemmatized_genome_scores_df, user_lemmatized_genome_vector_df)"
   ]
  }
 ],
 "metadata": {
  "kernelspec": {
   "display_name": "Python 3",
   "language": "python",
   "name": "python3"
  },
  "language_info": {
   "codemirror_mode": {
    "name": "ipython",
    "version": 3
   },
   "file_extension": ".py",
   "mimetype": "text/x-python",
   "name": "python",
   "nbconvert_exporter": "python",
   "pygments_lexer": "ipython3",
   "version": "3.6.7"
  }
 },
 "nbformat": 4,
 "nbformat_minor": 2
}
